time,3.0
@,1,1,1,1
@,1,1,1,1
##########endTime
time,3.0
@,-1,-1,1,1
##########endTime
time,3.0
@,1,0,0,-1
@,0,1,1,0
@,0,1,1,0
@,-1,0,0,1
##########endTime
time,3.0
@,0,0,0,1
@,0,0,1,0
@,0,1,0,0
@,1,0,0,0
##########endTime
time,6.0
@,1,0,0,1
@,0,1,1,0
@,0,1,1,0
@,1,0,0,1
@,-1,-1,-1,-1
##########endTime
time,6.0
@,1,1,1,1
@,1,-1,-1,1
@,1,-1,-1,1
@,1,1,1,1
##########endTime
time,6.0
@,1,1,1,1
@,1,0,0,1
@,1,0,0,1
##########endTime
time,4.0
@,1,0,0,-1
@,-1,0,0,1
@,1,0,0,-1
@,-1,0,0,1
##########endTime
time,5.0
@,1,-1,1,-1
@,-1,1,-1,1
@,1,-1,1,-1
@,-1,1,-1,1
##########endTime
time,5.0
@,1,0,0,1
@,1,1,1,1
@,1,0,0,1
@,1,1,1,1
##########endTime
time,3.0
@,1,1,1,1
@,1,0,0,1
@,1,0,0,1
@,1,0,0,1
##########endTime
time,3.0
@,1,0,0,1
@,1,0,1,1
@,1,1,0,1
@,1,0,0,1
##########endTime